labels 1 0
1 0.800166 0.199834
1 0.887389 0.112611
0 0.248412 0.751588
0 0.120064 0.879936
1 0.775095 0.224905
1 0.802518 0.197482
1 0.640757 0.359243
1 0.627758 0.372242
0 0.296715 0.703285
0 0.480427 0.519573
0 0.217662 0.782338
0 0.0342208 0.965779
0 0.31235 0.68765
0 0.0350181 0.964982
1 0.5069 0.4931
1 0.636089 0.363911
0 0.0720264 0.927974
0 0.118473 0.881527
0 0.0483635 0.951636
0 0.0398573 0.960143
0 1.26682e-11 1
0 1.39061e-11 1
1 0.596696 0.403304
0 0.402734 0.597266
0 0.239925 0.760075
0 0.23772 0.76228
1 0.834051 0.165949
1 0.601105 0.398895
1 0.700649 0.299351
1 0.5 0.5
0 0.135998 0.864002
0 0.137539 0.862461
0 0.0149655 0.985034
0 0.23078 0.76922
0 0.034775 0.965225
0 0.39213 0.60787
0 0.0335603 0.96644
0 0.230933 0.769067
0 0.0339974 0.966003
1 0.917792 0.0822075
1 0.5363 0.4637
1 0.876763 0.123237
0 0.38322 0.61678
1 0.636163 0.363837
0 0.201891 0.798109
0 0.0287217 0.971278
0 0.0256881 0.974312
0 0.0583516 0.941648
0 0.35481 0.64519
0 0.00844852 0.991551
0 0.0569574 0.943043
0 0.00573492 0.994265
0 0.00642525 0.993575
0 4.71715e-06 0.999995
0 0.00665391 0.993346
0 5.33503e-06 0.999995
1 0.636024 0.363976
1 0.70926 0.29074
0 0.0189622 0.981038
0 0.0287142 0.971286
0 0.124835 0.875165
0 0.117807 0.882193
0 0.0772069 0.922793
0 0.0895289 0.910471
0 0.125478 0.874522
0 0.0768046 0.923195
1 0.621842 0.378158
1 0.569181 0.430819
1 0.803525 0.196475
1 0.696151 0.303849
1 0.764776 0.235224
0 0.0152049 0.984795
0 0.0374463 0.962554
0 0.0170598 0.98294
0 0.028082 0.971918
0 0.0345581 0.965442
0 0.0280879 0.971912
0 0.0118224 0.988178
0 0.0161854 0.983815
0 0.0230171 0.976983
0 0.0113772 0.988623
0 0.0037379 0.996262
0 0.0834074 0.916593
0 0.0129528 0.987047
0 0.0287488 0.971251
0 0.00923822 0.990762
0 0.0287094 0.971291
0 0.00650369 0.993496
0 0.00619829 0.993802
0 0.0132232 0.986777
0 0.028727 0.971273
0 0.00414062 0.995859
0 0.016191 0.983809
0 0.00928636 0.990714
0 0.00957869 0.990421
0 0.0236376 0.976362
0 0.0126956 0.987304
0 0.0425626 0.957437
0 0.0149584 0.985042
0 0.0173079 0.982692
0 0.00522177 0.994778
0 0.013161 0.986839
0 0.0268588 0.973141
0 0.0287404 0.97126
0 0.0036659 0.996334
0 0.028741 0.971259
0 0.0130022 0.986998
0 0.0135224 0.986478
0 0.0134182 0.986582
0 0.00443871 0.995561
0 0.0123252 0.987675
0 0.0200401 0.97996
0 0.163134 0.836866
0 0.0129221 0.987078
0 0.0287168 0.971283
0 0.0287569 0.971243
0 0.0223969 0.977603
0 0.361904 0.638096
1 0.636142 0.363858
1 0.920174 0.0798263
0 0.0134838 0.986516
0 0.0287243 0.971276
0 0.0767004 0.9233
0 0.129928 0.870072
1 0.840475 0.159525
1 0.836884 0.163116
1 0.759053 0.240947
1 0.882247 0.117753
1 0.801573 0.198427
1 0.864004 0.135996
1 0.831363 0.168637
0 0.0969497 0.90305
0 0.0235772 0.976423
0 0.0255999 0.9744
0 0.00889342 0.991107
1 0.635963 0.364037
0 0.364301 0.635699
1 0.528749 0.471251
0 0.483981 0.516019
1 0.700331 0.299669
1 0.590453 0.409547
1 0.636165 0.363835
1 0.738027 0.261973
1 0.754879 0.245121
1 0.605882 0.394118
1 0.793292 0.206708
0 0.247331 0.752669
0 0.398688 0.601312
0 0.371251 0.628749
0 0.351661 0.648339
0 0.172689 0.827311
0 0.0296769 0.970323
0 0.24567 0.75433
0 0.0308302 0.96917
1 0.823567 0.176433
1 0.635939 0.364061
1 0.544356 0.455644
1 0.802935 0.197065
1 0.660894 0.339106
0 0.483813 0.516187
0 0.0287558 0.971244
0 0.0716732 0.928327
0 0.00756665 0.992433
0 0.02844 0.97156
0 0.0189239 0.981076
0 0.0057513 0.994249
0 0.0329285 0.967071
0 0.114035 0.885965
0 0.028735 0.971265
0 0.0287352 0.971265
0 0.0398828 0.960117
0 0.0781341 0.921866
1 0.54927 0.45073
1 0.801181 0.198819
1 0.636027 0.363973
1 0.55659 0.44341
1 0.724297 0.275703
1 0.771505 0.228495
1 0.705857 0.294143
1 0.554915 0.445085
0 0.225999 0.774001
0 0.212368 0.787632
1 0.677205 0.322795
1 0.636052 0.363948
0 0.0783216 0.921678
0 0.0536487 0.946351
0 0.096899 0.903101
0 0.00624595 0.993754
0 0.00415051 0.995849
0 0.00367239 0.996328
0 0.0287355 0.971264
0 0.0648618 0.935138
0 0.0177105 0.982289
0 0.018389 0.981611
0 0.0287281 0.971272
0 0.0502202 0.94978
0 0.0426252 0.957375
0 0.00384668 0.996153
0 0.0265053 0.973495
0 0.102639 0.897361
0 0.013955 0.986045
0 0.00553813 0.994462
0 0.0220967 0.977903
0 0.0287361 0.971264
0 0.0165565 0.983443
0 0.00813298 0.991867
0 0.125644 0.874356
0 0.0251331 0.974867
0 0.0170668 0.982933
0 0.0221717 0.977828
0 0.114029 0.885971
0 0.0363874 0.963613
0 0.0449487 0.955051
0 0.0287451 0.971255
0 0.0134353 0.986565
0 0.0645772 0.935423
0 0.0238194 0.976181
0 0.448661 0.551339
0 0.00774626 0.992254
0 0.0215781 0.978422
0 0.0106641 0.989336
0 0.0309876 0.969012
0 0.00375131 0.996249
0 0.00738427 0.992616
0 0.19054 0.80946
0 0.0232502 0.97675
0 0.041074 0.958926
0 0.105009 0.894991
0 1.02541e-07 1
0 1.73414e-08 1
0 1.59358e-08 1
0 0.110448 0.889552
0 0.115748 0.884252
0 0.0441281 0.955872
0 0.0690366 0.930963
0 0.0265144 0.973486
0 0.0257442 0.974256
0 0.00631595 0.993684
0 0.00532309 0.994677
0 0.39262 0.60738
1 0.64496 0.35504
0 1.89248e-05 0.999981
0 0.0196418 0.980358
0 0.329391 0.670609
0 0.258399 0.741601
0 0.0565198 0.94348
0 0.0493944 0.950606
0 0.490396 0.509604
0 0.047651 0.952349
0 0.153058 0.846942
0 0.0639591 0.936041
0 0.032196 0.967804
0 0.0115825 0.988417
0 0.202806 0.797194
0 0.0370049 0.962995
0 0.227454 0.772546
0 0.0209729 0.979027
0 0.0318993 0.968101
0 0.0130704 0.98693
0 0.00865109 0.991349
0 0.0285506 0.971449
0 0.0267836 0.973216
0 0.0058288 0.994171
0 0.0180506 0.981949
0 0.00893197 0.991068
0 0.0303154 0.969685
0 0.00649981 0.9935
0 0.00899531 0.991005
0 0.0575663 0.942434
0 0.0113448 0.988655
0 0.00604456 0.993955
0 0.00587457 0.994125
0 0.0617019 0.938298
0 0.0433978 0.956602
1 0.913499 0.0865007
0 0.0938131 0.906187
1 0.863318 0.136682
0 0.420655 0.579345
0 0.0384658 0.961534
0 0.00849349 0.991507
0 1.66056e-05 0.999983
0 0.0272966 0.972703
0 0.0801407 0.919859
0 0.0349594 0.965041
0 0.07452 0.92548
0 0.0738015 0.926198
1 0.593145 0.406855
0 0.306512 0.693488
1 0.928578 0.0714222
1 0.935057 0.0649433
1 0.863138 0.136862
0 0.165356 0.834644
0 0.0439274 0.956073
0 0.134691 0.865309
0 0.0116492 0.988351
0 0.189614 0.810386
0 0.306964 0.693036
0 0.406975 0.593025
0 0.0116452 0.988355
0 0.00894318 0.991057
0 0.0106776 0.989322
0 0.10775 0.89225
0 0.0630565 0.936943
0 0.391795 0.608205
0 0.413137 0.586863
0 0.446057 0.553943
0 0.435297 0.564703
0 0.42468 0.57532
1 0.950818 0.0491821
0 0.467148 0.532852
1 0.891643 0.108357
1 0.926926 0.0730742
1 0.617343 0.382657
0 0.019837 0.980163
0 0.0084059 0.991594
0 0.0118804 0.98812
0 0.0246117 0.975388
0 0.0256952 0.974305
0 0.0172314 0.982769
0 0.0760811 0.923919
0 0.133776 0.866224
0 0.148601 0.851399
0 0.0331469 0.966853
0 0.184686 0.815314
0 0.0730258 0.926974
0 0.120464 0.879536
0 0.0122229 0.987777
0 0.0103538 0.989646
0 0.0434129 0.956587
0 0.218695 0.781305
0 0.256756 0.743244
1 0.512908 0.487092
0 0.462516 0.537484
0 0.35358 0.64642
1 0.640938 0.359062
1 0.610267 0.389733
0 0.386402 0.613598
0 0.0546676 0.945332
0 0.0692357 0.930764
1 0.89258 0.10742
1 0.777945 0.222055
1 0.781553 0.218447
1 0.849361 0.150639
1 0.947421 0.0525789
1 0.979185 0.0208152
1 0.747769 0.252231
1 0.938817 0.0611832
0 0.289045 0.710955
0 0.262797 0.737203
0 0.232774 0.767226
0 0.124833 0.875167
0 0.122519 0.877481
0 0.0326624 0.967338
0 0.0439161 0.956084
0 0.0885042 0.911496
0 0.383599 0.616401
1 0.557499 0.442501
0 0.49374 0.50626
1 0.72318 0.27682
0 0.0688379 0.931162
0 0.166847 0.833153
0 0.170386 0.829614
0 0.343046 0.656954
0 0.0337532 0.966247
0 0.42887 0.57113
0 0.0779761 0.922024
0 0.266476 0.733524
0 0.0055344 0.994466
0 0.0278642 0.972136
0 0.0310097 0.96899
0 0.0404024 0.959598
0 0.0283469 0.971653
0 0.284402 0.715598
0 0.0910794 0.908921
1 0.863117 0.136883
0 0.246308 0.753692
1 0.527124 0.472876
1 0.658272 0.341728
1 0.811231 0.188769
1 0.764106 0.235894
0 0.249165 0.750835
0 0.477131 0.522869
1 0.935411 0.0645893
1 0.820343 0.179657
0 0.412832 0.587168
1 0.549986 0.450014
1 0.830112 0.169888
1 0.812279 0.187721
1 0.571691 0.428309
0 0.145784 0.854216
0 0.0788883 0.921112
0 0.0134233 0.986577
0 0.226018 0.773982
0 0.245398 0.754602
0 0.361949 0.638051
0 0.481538 0.518462
1 0.584411 0.415589
0 0.262743 0.737257
1 0.669826 0.330174
1 0.7868 0.2132
1 0.866466 0.133534
1 0.665392 0.334608
1 0.864422 0.135578
1 0.95397 0.0460302
1 0.946083 0.0539172
1 0.8809 0.1191
0 0.116471 0.883529
0 0.00560569 0.994394
0 0.0683999 0.9316
0 0.0610693 0.938931
0 0.0988388 0.901161
0 0.244674 0.755326
0 0.29236 0.70764
0 0.0390043 0.960996
0 0.191951 0.808049
0 0.119488 0.880512
0 0.0561337 0.943866
0 0.103525 0.896475
0 0.036953 0.963047
0 0.215654 0.784346
0 0.454304 0.545696
0 0.029112 0.970888
0 0.0794758 0.920524
0 0.0549989 0.945001
0 0.0106712 0.989329
0 0.176011 0.823989
0 0.154107 0.845893
0 0.0620274 0.937973
0 0.0946852 0.905315
0 0.0398046 0.960195
0 0.126341 0.873659
0 0.0210179 0.978982
0 0.0429009 0.957099
0 0.0103248 0.989675
0 0.360011 0.639989
0 0.0416342 0.958366
0 0.453777 0.546223
0 0.00982818 0.990172
0 0.0330081 0.966992
0 0.0255538 0.974446
1 0.818058 0.181942
1 0.830552 0.169448
1 0.71963 0.28037
1 0.827884 0.172116
1 0.882644 0.117356
1 0.605894 0.394106
1 0.73148 0.26852
1 0.738288 0.261712
0 0.246384 0.753616
0 0.0656137 0.934386
0 0.235504 0.764496
0 0.0707107 0.929289
0 0.330596 0.669404
0 0.106428 0.893572
0 0.248831 0.751169
0 0.0731068 0.926893
1 0.571026 0.428974
0 0.379856 0.620144
1 0.799975 0.200025
1 0.611484 0.388516
1 0.774227 0.225773
1 0.621121 0.378879
1 0.603726 0.396274
0 0.389559 0.610441
1 0.775075 0.224925
1 0.642857 0.357143
1 0.649054 0.350946
1 0.696493 0.303507
0 0.40571 0.59429
0 0.0544267 0.945573
0 0.139771 0.860229
1 0.522177 0.477823
0 0.302698 0.697302
0 0.147713 0.852287
1 0.797812 0.202188
1 0.610852 0.389148
